(300000.0,1096.8000506310548)
(600000.0,1096.8000506310548)
(900000.0,1096.8000506310548)
(1200000.0,1096.8000506310548)
(1500000.0,1097.9569733800179)
(1800000.0,1101.425943184846)
(2100000.0,1101.425943184846)
(2400000.0,1104.2962938702115)
(2700000.0,1107.8318837995184)
(3000000.0,1110.6738533856173)
(3300000.0,1118.3303091813953)
(3600000.0,1132.0569152736928)
(3900000.0,1141.1860220374076)
(4200000.0,1149.4884601214508)
(4500000.0,1156.5151818739755)
(4800000.0,1162.4258485635944)
(5100000.0,1169.3523115266003)
(5400000.0,1175.5161903449398)
(5700000.0,1186.0213731308024)
(6000000.0,1193.1131699286907)
(6300000.0,1201.8184678271325)
(6600000.0,1211.5309443478855)
(6900000.0,1222.46208339119)
(7200000.0,1231.1758893200642)
(7500000.0,1236.985391711732)
(7800000.0,1243.604398525773)
(8100000.0,1250.7570521836903)
(8400000.0,1258.2800107784415)
(8700000.0,1263.9660358357894)
(9000000.0,1275.845367785402)
(9300000.0,1281.5263271577144)
(9600000.0,1287.3900062823145)
(9900000.0,1293.4922704256035)
(10200000.0,1300.5574943306444)
(10500000.0,1312.8538320137868)
(10800000.0,1323.2826331738452)
(11100000.0,1333.6369464377567)
(11400000.0,1345.9517593931942)
(11700000.0,1351.066030925905)
(12000000.0,1359.0320550757667)
(12300000.0,1367.570842718775)
(12600000.0,1374.779774745639)
(12900000.0,1383.6370324735863)
(13200000.0,1388.5487577048516)
(13500000.0,1396.8783806058257)
(13800000.0,1408.522356912362)
(14100000.0,1418.436453816618)
(14400000.0,1423.0086236788995)
(14700000.0,1433.0915532345853)
(15000000.0,1441.6165422241306)
(15300000.0,1448.50271629372)
(15600000.0,1458.6453654415554)
(15900000.0,1468.568101636194)
(16200000.0,1479.9614378635647)
(16500000.0,1487.3304399730216)
(16800000.0,1494.6490682615447)
(17100000.0,1502.779690996518)
(17400000.0,1513.0733985757702)
(17700000.0,1523.7104403562873)
(18000000.0,1535.2516230380515)
(18300000.0,1541.6962057671633)
(18600000.0,1552.6172129207112)
(18900000.0,1561.6751052895102)
(19200000.0,1572.0417470851985)
(19500000.0,1586.288596265013)
(19800000.0,1597.9585007050184)
(20100000.0,1606.8304822905668)
(20400000.0,1616.7434648172073)
(20700000.0,1626.499386665602)
(21000000.0,1637.1700519224585)
(21300000.0,1644.3588683179958)
(21600000.0,1650.4975939940293)
(21900000.0,1658.8062691411285)
(22200000.0,1666.1325257451986)
(22500000.0,1672.812069056315)
(22800000.0,1679.778685659085)
(23100000.0,1690.7671989845544)
(23400000.0,1703.4725870760203)
(23700000.0,1712.6228141959139)
(24000000.0,1720.8755058319193)
(24300000.0,1730.2244356170727)
(24600000.0,1736.9187966384447)
(24900000.0,1747.2534839064463)
(25200000.0,1757.6097691866744)
(25500000.0,1763.7974251446901)
(25800000.0,1771.10934799637)
(26100000.0,1775.7346436620503)
(26400000.0,1782.472148443768)
(26700000.0,1788.8003483225707)
(27000000.0,1795.1132813167087)
(27300000.0,1801.5382806325874)
(27600000.0,1809.353358490021)
(27900000.0,1818.8533288908707)
(28200000.0,1824.155823041343)
(28500000.0,1830.7090889161607)
(28800000.0,1834.8863439891047)
(29100000.0,1841.3380538200513)
(29400000.0,1846.5060001109512)
(29700000.0,1855.3710472731018)
(30000000.0,1859.083989157462)
(30300000.0,1863.9290073916848)
(30600000.0,1871.700422411228)
(30900000.0,1878.4584229234824)
(31200000.0,1882.7950323903358)
(31500000.0,1889.3428997519559)
(31800000.0,1895.4075265443023)
(32100000.0,1898.5389736996797)
(32400000.0,1902.680440270403)
(32700000.0,1909.3516923456602)
(33000000.0,1911.7774811664365)
(33300000.0,1915.5375009233846)
(33600000.0,1921.0876193182385)
(33900000.0,1928.399773895653)
(34200000.0,1935.347670769807)
(34500000.0,1939.8746308246941)
(34800000.0,1942.0178637524243)
(35100000.0,1947.9911671869147)
(35400000.0,1951.7258235212857)
(35700000.0,1954.1647188303086)
(36000000.0,1957.6076941530923)
(36300000.0,1958.9046617082256)
(36600000.0,1962.2386263347123)
(36900000.0,1966.3934372599797)
(37200000.0,1967.3056669757943)
(37500000.0,1969.752601603586)
(37800000.0,1973.938058379879)
(38100000.0,1977.8266026261133)
(38400000.0,1982.0876694542771)
(38700000.0,1988.079931800742)
(39000000.0,1991.0815666393023)
(39300000.0,1996.0274357226983)
(39600000.0,1996.3106167588235)
(39900000.0,2000.1663643932895)
(40200000.0,2005.6557612203592)
(40500000.0,2007.8054061386233)
(40800000.0,2009.1289691490963)
(41100000.0,2012.6353069966935)
(41400000.0,2017.5441084492923)
(41700000.0,2021.5074083995712)
(42000000.0,2024.1398960162176)
(42300000.0,2026.420063150685)
(42600000.0,2028.0475985616572)
(42900000.0,2029.3822506617216)
(43200000.0,2031.2426524613702)
(43500000.0,2033.5832067245763)
(43800000.0,2034.5387373803335)
(44100000.0,2036.5693193866537)
(44400000.0,2037.54423656089)
(44700000.0,2040.170844750943)
(45000000.0,2045.68378687447)
(45300000.0,2045.8067165183797)
(45600000.0,2049.9844256267365)
(45900000.0,2053.862629670846)
(46200000.0,2055.579975857877)
(46500000.0,2058.3910148191653)
(46800000.0,2059.522881698007)
(47100000.0,2060.9204078823777)
(47400000.0,2062.9965737721823)
(47700000.0,2064.3630361016294)
(48000000.0,2065.7484598820593)
(48300000.0,2065.8120956298108)
(48600000.0,2066.106674701883)
(48900000.0,2067.1507583403163)
(49200000.0,2069.2447302346313)
(49500000.0,2070.4983325407266)
(49800000.0,2072.2898108611557)
(50100000.0,2073.668054717817)
(50400000.0,2073.8358021643608)
(50700000.0,2075.2520109979514)
(51000000.0,2077.4576399741486)
(51300000.0,2080.583207227711)
(51600000.0,2081.6332519355283)
(51900000.0,2082.8556487129167)
(52200000.0,2084.150760710029)
(52500000.0,2085.60607899849)
(52800000.0,2087.674661617131)
(53100000.0,2087.7037937324867)
(53400000.0,2088.731288391326)
(53700000.0,2089.489502540507)
(54000000.0,2089.9549500389094)
(54300000.0,2092.037537043599)
(54600000.0,2092.479607714092)
(54900000.0,2093.533162879898)
(55200000.0,2093.5916150694907)
(55500000.0,2094.182384306312)
(55800000.0,2094.636991193332)
(56100000.0,2096.180013690316)
(56400000.0,2096.7215017105013)
(56700000.0,2096.8188399463456)
(57000000.0,2097.0320388868713)
(57300000.0,2098.673536053244)
(57600000.0,2101.0544316398427)
(57900000.0,2101.655134901667)
(58200000.0,2102.0738610000803)
(58500000.0,2104.2010345916974)
(58800000.0,2104.2010345916974)
(59100000.0,2104.333089881155)
(59400000.0,2104.900352306707)
(59700000.0,2105.82211390846)
(60000000.0,2106.250205926768)
